	names	scores	logfoldchanges	pvals	pvals_adj
516	B230206L02Rik	3.4470663	28.664629	0.0006991790250320959	0.002714485135924887
577	Sv2c	3.2999907	28.597403	0.0011567213118840428	0.00435571375436096
733	Hmgn3	2.9709663	28.361727	0.0033563218993188136	0.01174035892858649
850	Zfyve28	2.7454402	28.315311	0.00662951206631724	0.021950605043588763
939	Rbm24	2.6046314	16.34917	0.009932744560294466	0.03178326633629907
619	Adam11	3.1874852	16.23787	0.0016809926719804202	0.006171900404465843
770	Dmrt3	2.890087	15.997267	0.004304346269066482	0.014777061014343973
137	Hhip	5.506934	15.87741	1.1874467861372293e-07	6.788417376930878e-07
695	Hoxa5	3.043994	15.811365	0.002669148645290625	0.009481678438587823
189	Cap2	4.9116907	15.719468	1.9557704920208896e-06	1.0139210831882411e-05
997	Ube2ql1	2.51311	15.559518	0.012807560223432822	0.04004989680012795
834	Matn1	2.7780418	15.4466	0.006023371773955713	0.020083761081930277
697	Tlx2	3.030151	15.226347	0.0027885157086688464	0.009884769466721557
983	Piwil1	2.535307	15.100797	0.012049306774616693	0.03790498531874791
794	Trpa1	2.847833	14.895702	0.004891618463720557	0.016605097278870027
918	Snca	2.6300566	14.628389	0.00924438645275119	0.02978141609022841
356	Tmcc2	3.9666562	14.485868	0.00010356151953116456	0.00044898077598878205
927	Slc32a1	2.617195	14.143195	0.009587047330814813	0.030806411415344383
708	Tll1	3.013104	14.060753	0.0029422547383593754	0.010387775528472957
456	Pygo1	3.590926	13.822642	0.00042050103481392376	0.0016832086298073582
861	Mobp	2.7287617	13.699187	0.006960518171136753	0.022970988464546562
1026	Hic1	2.467815	13.214973	0.01448812169450774	0.04477078785057097
213	Prmt8	4.746117	12.8077755	4.096552460621292e-06	2.0658516558634318e-05
341	Lonrf2	4.0363727	12.512889	7.894278586801056e-05	0.0003476412527527902
869	Dlk1	2.7153401	12.374921	0.007237673331485054	0.02380133808081776
314	Oasl1	4.204503	12.371016	4.043502662506462e-05	0.00018369201006445285
647	Tmem108	3.1351566	12.016959	0.0019934714712624116	0.007233667251606275
421	Sox1	3.7263527	11.510057	0.00025684761060782904	0.0010560223597955757
1028	Ccna1	2.4660754	11.104969	0.014556392690660867	0.04494862530577994
928	Thsd4	2.6169174	10.925416	0.0095945616600235	0.030818746519758796
125	Emp1	5.6098275	10.833229	7.1584692725539e-08	4.167186671645934e-07
691	AF366264	3.0478845	10.504587	0.0026364588975470097	0.009373496411151587
94	Igfbp7	5.9334373	10.297751	1.4008891482980594e-08	8.675028467821118e-08
199	Ano1	4.84327	10.212991	2.660340036173856e-06	1.3640072007728735e-05
806	Fgf2	2.8319917	10.145363	0.005129992393653509	0.017332414865004753
996	Fam184a	2.5144536	10.098127	0.012760461227738077	0.03992246787593577
145	She	5.3128047	9.410059	3.032506054393172e-07	1.6868566406945123e-06
178	Srrm4os	5.019988	9.224374	1.194192400894712e-06	6.300066202203352e-06
229	Lgi2	4.6654434	9.208024	5.8345179452987985e-06	2.9021448367816093e-05
682	Padi2	3.068655	9.060541	0.00246808085284716	0.008817228486368055
989	Cabp4	2.5255897	8.879123	0.012376122844418117	0.03882142337305067
243	Foxo6	4.5921435	8.72256	8.01553936139628e-06	3.9333374384815065e-05
784	Mafa	2.8611424	8.603733	0.004699161597084113	0.016007951085191468
259	Bmp7	4.507193	8.567346	1.1528499528118382e-05	5.561716093791519e-05
633	Mboat4	3.1563995	8.54613	0.0018605946902231717	0.006787730070757602
622	Gas1	3.1773212	8.454247	0.0017378630852109263	0.006364910897698841
709	Ampd3	3.0100482	8.384289	0.0029705591346176046	0.010482806463548152
467	Prph	3.5651517	8.359135	0.00046112048602306823	0.001833837898090792
565	Adrb2	3.3188393	8.289216	0.0010854393555999918	0.004109443339970228
99	Rhcg	5.8747	8.280913	1.8910149635006012e-08	1.1562126979070034e-07
25	Col9a2	8.996876	8.271487	2.5136542919944193e-16	2.4421962171041954e-15
267	Stk33	4.4595723	8.109687	1.410252250148239e-05	6.744008574187986e-05
261	Dact1	4.490008	8.007758	1.239983918643115e-05	5.96263725665244e-05
337	Slit2	4.0743833	7.903927	6.797457807147855e-05	0.00030129207697092013
763	Fmnl1	2.9125867	7.8573227	0.004018557922789237	0.013865954182419819
247	Grk3	4.5592737	7.856869	9.229729705094398e-06	4.500186489667464e-05
113	Tgm2	5.7308154	7.8000135	3.913771136443652e-08	2.3367433934513087e-07
718	Adgrd1	2.999913	7.6824875	0.0030664263084527674	0.010780277758605298
186	Igfbp3	4.9654326	7.5577374	1.5317392389563346e-06	8.025279903500863e-06
15	Sncb	10.333322	7.511486	4.116477168335862e-20	4.778304877356727e-19
24	Kank4	9.051247	7.4071097	1.7615972919782525e-16	1.7241719176039287e-15
1016	Tmem179	2.4879942	7.372649	0.013716421325659825	0.042584900274703436
720	Thrsp	2.997944	7.3682427	0.0030853432844661437	0.010843889033980354
635	1110032F04Rik	3.154562	7.3548627	0.001871618073268293	0.0068249755023181554
141	Ltbp1	5.4672427	7.3417916	1.4391591735248823e-07	8.177232855397535e-07
551	Asb2	3.352858	7.329586	0.0009670116552393026	0.0036804677221802724
898	Zfp365	2.670187	7.3187866	0.008244512313182559	0.02681438618125085
228	Lbh	4.6662364	7.3000627	5.8126812329326484e-06	2.892426977906782e-05
519	St8sia6	3.4370165	7.208099	0.0007239065070482816	0.00280493872333518
170	Syt7	5.0945525	6.9837193	8.459200724896563e-07	4.517680149342848e-06
504	Asgr2	3.4815054	6.9125085	0.0006199055299203856	0.002422794235490581
793	Nova1	2.8481553	6.875243	0.004886649323502778	0.016590467955647035
62	Slc15a1	6.7497787	6.7866936	1.7771085736371837e-10	1.2472485787184632e-09
163	Peg12	5.179562	6.7642856	5.69160897297321e-07	3.0841605365395977e-06
800	Fbxw23	2.83828	6.749198	0.00503391520953551	0.017042140401165036
210	Mal	4.7815237	6.6934924	3.4983446130612464e-06	1.772710725160004e-05
704	Slc2a7	3.0179672	6.6828966	0.0028974192847819784	0.010241945571867044
531	Pdcl2	3.395634	6.6816754	0.0008352456013649886	0.003208087930483268
187	Gsta2	4.9619346	6.6760535	1.555791146330198e-06	8.142815333913815e-06
604	Slain1	3.2400095	6.635333	0.0014133623342193558	0.00524826043031498
998	Fhad1	2.5121696	6.5586414	0.01284004142017904	0.040141486686947996
1041	Ak9	2.453228	6.543849	0.015069337314754298	0.04636747532909231
534	Chst10	3.3904524	6.5410914	0.0008502173270041876	0.0032635993657047667
544	Dmrtb1	3.3755786	6.5306835	0.0008947493938863753	0.0034220049040319116
179	Mdga1	5.018244	6.494695	1.201363973069488e-06	6.333915191488137e-06
206	Epb41l3	4.8216105	6.4888334	2.9278614023287482e-06	1.4929540992130009e-05
80	Stra8	6.1319814	6.459668	4.975079509439368e-09	3.184304070749055e-08
1065	Asphd2	2.4236999	6.4237056	0.016308544107309475	0.0497604462002987
847	Srrm4	2.7498736	6.418837	0.0065437297880173596	0.021703715597018548
266	Prag1	4.4611554	6.405239	1.4003378227976531e-05	6.69786986017345e-05
147	Crabp1	5.2845106	6.382459	3.465106576448978e-07	1.9181622100351583e-06
572	Cgas	3.3070176	6.354449	0.0011294327009840803	0.0042612494616099525
542	Ccl9	3.3769243	6.3384004	0.0008905669379206116	0.0034075632425395594
257	Kcnj12	4.5210066	6.3326864	1.085782024310536e-05	5.2512518822355745e-05
59	Tenm4	6.8004913	6.3203297	1.3365275630703937e-10	9.46214869729037e-10
50	Mmrn2	7.092832	6.3153076	2.5745145319543693e-11	1.9041263903787184e-10
773	4930524B15Rik	2.882337	6.3129725	0.004406671958806775	0.015093331488538348
875	Meltf	2.708415	6.311804	0.007384179520214502	0.024232439876252523
642	Khdrbs3	3.1430724	6.266925	0.001942677591537375	0.007064639603517584
671	Phyhipl	3.082262	6.2458596	0.0023629579688807458	0.008475380685758774
351	Galnt16	3.9909039	6.2261434	9.42257230511517e-05	0.00041084309891292596
383	Tunar	3.8785255	6.20507	0.00014516094473833007	0.000616266397290794
275	Vash1	4.401453	6.188026	1.7989241707086434e-05	8.476983624954143e-05
207	Dmrt1	4.8145328	6.187131	3.020459136783747e-06	1.5382998405883453e-05
14	Halr1	10.883024	6.1736736	9.79064202025035e-22	1.2215962766734985e-20
234	Fcgr2b	4.6456137	6.1659727	6.356146117783775e-06	3.148532876068001e-05
837	Sstr2	2.7705202	6.1399093	0.006157940591640382	0.020497133471234903
540	Slc51a	3.3785942	6.065248	0.0008854969115781098	0.003390226683993269
780	Necab1	2.865898	6.063566	0.0046317880134810335	0.01579769433099687
830	Tac2	2.7831264	6.047564	0.005933176760532867	0.019819804546406868
279	Shisal2a	4.3817387	6.041276	1.9529644994810524e-05	9.170220089592382e-05
991	Hcn2	2.5210397	6.0180016	0.012530776946886396	0.03926736804808527
211	Tafa5	4.7632504	5.984092	3.7919784941667537e-06	1.9160993781090903e-05
129	Alpk3	5.5659432	5.9739895	8.851023930378134e-08	5.12166220254731e-07
581	Fam222a	3.2964272	5.971017	0.0011702557316191691	0.004403382598825517
608	Itgb3	3.2218893	5.9680114	0.0015005795732511294	0.005554087490517791
108	Ror2	5.8032675	5.961502	2.7095183501989263e-08	1.6359871478853527e-07
42	Car13	7.558294	5.933111	1.6969383686016543e-12	1.3486504810049293e-11
639	Cebpb	3.1510696	5.917319	0.0018928324749037419	0.006898334986051685
643	Dpys	3.143003	5.906754	0.0019431368360360304	0.007065288229784665
301	Adamts8	4.279032	5.9005685	2.9760586754286125e-05	0.00013708071767392662
566	Rybp-ps	3.316491	5.885634	0.0010940284382334128	0.004138224260950867
412	1700016D06Rik	3.7490623	5.885225	0.0002360738583775296	0.0009768385974055567
172	Parm1	5.08799	5.866538	8.702503010105689e-07	4.641704001615744e-06
740	Rims1	2.9619358	5.8530273	0.0034512870336549264	0.012050759861820658
598	Vax2	3.2582467	5.8381023	0.0013288511770834278	0.004954190382148591
854	Pou4f1	2.7412324	5.819387	0.00671121738037404	0.02219775962997089
297	Arhgef10l	4.293871	5.8176947	2.807333075353885e-05	0.00012973664555842663
75	Rapgef3	6.2968707	5.795838	2.0751923642478693e-09	1.361841605277613e-08
706	Clip4	3.014702	5.792121	0.002926639562562796	0.010339422971447269
27	Aurkc	8.683917	5.786026	1.783682017641733e-15	1.6549884718465566e-14
797	Adcy1	2.8419316	5.7821503	0.004978030540978993	0.01687338367171346
820	2300002M23Rik	2.8074436	5.770671	0.00551924122037878	0.018542940250755688
151	Inhbb	5.2582397	5.764378	3.920481700003683e-07	2.1560077980300094e-06
1008	Nfasc	2.4976342	5.725872	0.013360007584858027	0.04158614413927964
34	Apobec2	8.146489	5.721578	4.9377923254642914e-14	4.250692270866831e-13
0	Aard	16.061335	5.7072077	2.4433772766709636e-37	5.1865579761503306e-36
595	Mgat3	3.2596638	5.703526	0.0013235913269121814	0.004937507969323596
1024	Rftn1	2.4729643	5.692545	0.014286470738720159	0.0441910827547672
799	Col1a1	2.839744	5.6866603	0.0050115348331109194	0.016975511337472673
130	Rasip1	5.5433073	5.6619353	9.906450594684565e-08	5.706133690375442e-07
520	Krtdap	3.4369903	5.659714	0.0007239270967596401	0.00280493872333518
607	Padi4	3.2259107	5.6462693	0.001480786515169727	0.005485670692574273
586	Sfrp5	3.2781959	5.623803	0.0012438634503213863	0.004663607278191109
575	Phf11a	3.305204	5.6114655	0.0011362164980385824	0.0042855585232662325
511	Cbln1	3.464056	5.5961766	0.000658657684055597	0.00256508366383875
2	Sorl1	15.45711	5.5927844	1.0866392269034611e-35	2.1849179147505724e-34
956	Mgat5b	2.5842276	5.587703	0.010517330121067871	0.033483473214193295
227	Trim47	4.671887	5.5590515	5.661093259275066e-06	2.819226684692239e-05
661	Nptx1	3.101356	5.5573697	0.00222085631270821	0.007990762364448907
584	Fzd10	3.2821624	5.5539246	0.0012278065887655067	0.004607526023244451
54	B4galnt4	6.9554	5.549471	5.569970553785573e-11	4.03883076707761e-10
792	Pxylp1	2.8483124	5.5454545	0.004883708390053033	0.016584960286673958
683	St8sia1	3.0670462	5.538057	0.0024801727200937287	0.00885916850344187
546	Maats1	3.3693311	5.5320835	0.0009137222174721921	0.0034887323403605826
477	Gnal	3.5402863	5.530767	0.0005036619119078016	0.0019938797186227326
968	Arnt2	2.5638049	5.5290475	0.01113381057333744	0.035267582314787806
856	Slc5a1	2.7380488	5.518013	0.006773010277628578	0.022390366739843508
304	Rb1	4.26691	5.4967947	3.1318149282713016e-05	0.00014385988441515033
47	Fam81a	7.3373127	5.4842253	6.148522060899224e-12	4.7529171456625414e-11
305	Samd9l	4.2563257	5.4737287	3.27224199519005e-05	0.0001498997908341113
104	Gsc	5.828281	5.4473114	2.3799712176305758e-08	1.443592862509754e-07
367	Scn3a	3.9405737	5.436839	0.0001144040133602251	0.0004919177012073679
373	Guca1b	3.9158733	5.412944	0.00012580655664362	0.000538369875095886
452	Crtac1	3.6139169	5.4063244	0.0003869027230832831	0.0015546567246704317
744	Zc3h12a	2.9516146	5.405365	0.003563241871755751	0.012408941719803982
603	Fbln5	3.2429783	5.3934903	0.0013989922759964997	0.005197201552269377
193	St6gal1	4.8956237	5.385152	2.097382274447807e-06	1.0848766961024089e-05
634	Ap3m2	3.15467	5.383076	0.0018707138855405905	0.0068226674027675824
269	Pkd2l1	4.437116	5.3775806	1.5473957913810887e-05	7.355100857218425e-05
665	Syndig1	3.0987067	5.3501735	0.002241077552345373	0.00805775653969347
630	Hmcn2	3.1651785	5.347941	0.0018073814329289998	0.006605095534490202
486	Gsta1	3.5163813	5.323607	0.0005478111050605983	0.0021574511565201644
899	Cdx1	2.6696627	5.315151	0.00825582630036197	0.026847712315359405
1021	Accsl	2.4759607	5.3108635	0.014170835371069071	0.04386036580827753
347	Rassf4	4.0070934	5.3004665	8.844209223128358e-05	0.00038737112797940226
681	Prkcb	3.0696266	5.282428	0.002459182618075103	0.00879043336294744
363	Tub	3.9462864	5.280048	0.00011158331896230861	0.00048107078933487204
158	Dio3	5.2032175	5.242869	5.058046953786663e-07	2.753898551418825e-06
11	Ly75	11.748366	5.2428203	2.1898883276483808e-24	3.0117250406597795e-23
954	Plxna2	2.59055	5.2377653	0.010332483145048693	0.03294084677193344
184	Dlgap3	4.975125	5.2243757	1.4609708331146618e-06	7.66088395584036e-06
836	Sema5b	2.7751224	5.1987596	0.006074530303809364	0.02024360562559893
1003	Plxdc1	2.5064282	5.180549	0.013042135280289604	0.040702465364814484
444	Rtn1	3.6556838	5.1795945	0.00033251744597446634	0.0013477511820885798
644	Lmo1	3.1383033	5.1356993	0.0019722851986822064	0.007164023377278299
415	Tenm3	3.743263	5.1020913	0.00024106435475234217	0.0009960139256636686
785	Abtb2	2.8571224	5.0807166	0.004755581772956228	0.01618699647049269
248	Enpp4	4.557675	5.077567	9.267565372257889e-06	4.517758514995639e-05
399	Celsr2	3.8140252	5.0694046	0.00018513673004357344	0.0007758962525018404
299	Npr3	4.284349	5.054648	2.911957904440767e-05	0.0001343742233137095
778	Hck	2.8683102	5.045886	0.004597137536719878	0.015683764763142795
215	Myo1f	4.734119	5.038381	4.304311478715648e-06	2.1654130187122682e-05
529	Nab2	3.4041562	5.0149636	0.0008108578170536893	0.0031206381122242744
407	Iqca	3.7783215	4.9684734	0.0002115156246150293	0.0008799973571892901
79	Msi1	6.16087	4.955857	4.268161927722288e-09	2.7437093056459606e-08
320	Chst3	4.160072	4.948314	4.8184760479164245e-05	0.00021721137367256227
606	Jakmip1	3.2341259	4.9441085	0.0014410704331806648	0.005347202489486125
336	Adam22	4.080469	4.9367766	6.624100655800218e-05	0.00029391890614923036
707	Xkr5	3.0138018	4.9301615	0.0029350929567468556	0.010366375770009886
811	Crym	2.8231266	4.9158263	0.005266732169400201	0.01776815732149848
510	Aldh5a1	3.4672987	4.91266	0.0006512545408812371	0.0025378244339777905
897	Aox3	2.672022	4.889589	0.008199842695854507	0.026686355695629996
724	Slco5a1	2.9874766	4.8880806	0.0031865871172866078	0.011177717521716264
73	Acot1	6.378601	4.887344	1.3323863201170336e-09	8.828989856750227e-09
81	Sohlh2	6.1120176	4.8836946	5.4635978060601784e-09	3.488990586789482e-08
984	Olfm1	2.5312304	4.8773274	0.01218280601848915	0.03827708001362429
167	Pcolce	5.134876	4.8728223	6.985403236896976e-07	3.7577167027567696e-06
738	Nrros	2.9634974	4.8632045	0.003433334711620118	0.01199307059243056
518	Pacsin1	3.4381366	4.8425364	0.0007207752964156156	0.0027944484904498137
379	Tagln3	3.9031935	4.8361588	0.00013196617380124235	0.0005631472194874562
162	4933438K21Rik	5.183257	4.818631	5.55218620058731e-07	3.011854468181436e-06
484	Cfap77	3.5219214	4.8119135	0.0005373851994000911	0.002118048778707285
313	Ksr1	4.205964	4.8075843	4.0069920154172745e-05	0.00018206625208780009
462	Rnf144a	3.5754704	4.794191	0.000443863129782474	0.0017708062119822922
1062	Eif4e1b	2.4276392	4.787118	0.01613737943782386	0.049303976968179446
536	Tnfrsf1b	3.3834972	4.7815223	0.0008701789288342135	0.0033356416909320033
446	Maneal	3.6534219	4.7737923	0.00033468714268735793	0.0013558898996871964
1053	Fzd9	2.441466	4.7367516	0.015550319577591894	0.047713190858105214
116	Dnajc6	5.686144	4.7241893	4.8331558410019034e-08	2.855842189912189e-07
459	Ceacam1	3.5820787	4.7170863	0.0004337203654798685	0.0017322645400572583
157	Plagl1	5.203575	4.713098	5.043122021301626e-07	2.746961700385905e-06
1023	Tex50	2.474725	4.7012568	0.014218265376912122	0.04399633992998493
1054	Scube3	2.4385629	4.697819	0.015670727300975712	0.04804747373582924
1025	Kcnk4	2.4696343	4.6857457	0.014414834065036033	0.04456073934766086
55	Catsperz	6.9283032	4.6853404	6.422101818177862e-11	4.638000262257994e-10
1015	Fads6	2.489029	4.6819963	0.013674929098963888	0.0424613216337906
593	Wscd2	3.2632165	4.681512	0.0013074483091511926	0.004884532120657819
880	Aldh1a3	2.6964035	4.676447	0.007641169239781889	0.025004029017493646
72	Btbd11	6.382205	4.672958	1.3028289512659522e-09	8.639957669428885e-09
438	Notch3	3.676225	4.6661625	0.000308265920069425	0.0012547121283861353
246	Rasl11b	4.561412	4.6498218	9.100430036537512e-06	4.439724925117622e-05
980	Msln	2.5402083	4.6475253	0.011881834459122782	0.037434326651399605
827	Chst8	2.787899	4.631696	0.005848735339771051	0.019555907049927025
1046	Elovl2	2.4509578	4.6228614	0.01515885458145349	0.046614404418322875
736	A830018L16Rik	2.9652188	4.6134953	0.003415592774735551	0.011934410425850542
926	Bod1-ps	2.617552	4.612283	0.009575378356857718	0.03077284619757238
624	Asb4	3.1748936	4.6010633	0.0017501640271422587	0.006407164304866304
394	Rtkn2	3.8316245	4.5820737	0.00017317622792957502	0.0007286843153798143
316	Tspan15	4.188931	4.5691957	4.2917147578841104e-05	0.00019458145821884808
523	Sfrp2	3.4321475	4.5677915	0.0007356000981260305	0.0028466592105018725
552	Pde3b	3.3525949	4.5546947	0.0009667373209087594	0.0036799804131566185
475	Trim16	3.5452187	4.553358	0.0004940737652301635	0.0019583881958083094
1000	Tspan33	2.5096684	4.5218325	0.01292625031397586	0.040380886785612115
964	Lacc1	2.5683353	4.5192094	0.010990038365217855	0.0348604571297213
171	Ociad2	5.094494	4.5065093	8.413604605251119e-07	4.495238110460634e-06
1030	Rin1	2.4656253	4.4937143	0.014571281737545313	0.04498907828970355
835	Frmd5	2.7778373	4.487426	0.006025735290650775	0.020088978860308762
963	2010300C02Rik	2.56951	4.484973	0.010956397434107788	0.034758131045219735
430	Zfp607b	3.7083035	4.4772983	0.0002735687742286004	0.0011200112218336937
119	H1f10	5.6490574	4.4752946	5.770868939287644e-08	3.384482100695766e-07
596	Scn8a	3.259609	4.474142	0.001322696165723783	0.004934900526938006
757	4930526A20Rik	2.9318867	4.4740367	0.003785851655831589	0.013115178701389311
690	P4htm	3.050454	4.4662094	0.002613595178848981	0.009298779791904846
605	Cidea	3.2390935	4.4623675	0.0014168283937767048	0.00526035445270247
688	Spire2	3.0517924	4.451757	0.0026023447786100084	0.009264741442669545
83	Cxcl14	6.0729294	4.4477053	6.607352008964613e-09	4.1980634613158845e-08
930	Neil3	2.6148226	4.433569	0.009648429868394912	0.030964098610564636
1006	Nutf2-ps2	2.498413	4.422212	0.013329721430614231	0.04151755979020188
169	Myl4	5.1037097	4.4042153	8.051414575250754e-07	4.310882976284748e-06
64	Gli2	6.696479	4.3982024	2.3322433812266086e-10	1.6246261426578264e-09
385	Map6	3.875144	4.38643	0.00014659407389858956	0.0006222455846853057
638	Mmp17	3.1517994	4.377229	0.0018872096931593933	0.00687883967855838
782	Mlxipl	2.8640754	4.3751874	0.004655643225553873	0.015872600934614005
131	Pgbd5	5.532584	4.3575115	1.0242678359657927e-07	5.89035965840959e-07
388	Efhd1	3.8531091	4.348519	0.00015959492192628108	0.0006745842154484413
657	P2rx7	3.1106036	4.346259	0.0021561235839500175	0.0077789920583302835
934	Elavl3	2.6106985	4.3428674	0.009762604872678448	0.031290591611538444
424	Megf11	3.7208593	4.336959	0.0002615112965611861	0.001073968188359196
883	Actn3	2.690572	4.335671	0.007771350452742882	0.025403580154424232
1017	Ccdc141	2.479561	4.328516	0.014030274172870944	0.04347345609071147
9	Prdm14	12.219719	4.320434	2.9078248262660034e-26	4.289936990023171e-25
852	Nkain4	2.7437449	4.3166585	0.006658764101332389	0.02204165708710553
294	Tgm1	4.306573	4.3154945	2.6557334148036453e-05	0.00012311521989673957
417	Thra	3.7370384	4.3005996	0.000246645648551111	0.001017236373775151
219	Nipal3	4.7144055	4.279806	4.684822361155427e-06	2.3511975593077334e-05
220	Cd55	4.7111216	4.2678943	4.755243241137158e-06	2.385588123006862e-05
156	Peli2	5.2093654	4.2196016	4.894358610658863e-07	2.6711368299525506e-06
669	Zap70	3.084499	4.211045	0.002344428624713484	0.008414919752574626
648	Cd1d1	3.1331513	4.2067513	0.0020043413095845526	0.007268915989228639
327	Pianp	4.1306815	4.2060647	5.415781415430016e-05	0.00024283166795673194
923	Copz2	2.6228037	4.205831	0.009432466874246747	0.030356212110576753
573	Krt42	3.306697	4.1601343	0.0011282620761039	0.004257471386486273
466	BC067074	3.5658987	4.158268	0.00045882258683667	0.0018249878793943069
298	Ablim2	4.2917376	4.1531615	2.8222279439535823e-05	0.00013040103178216093
749	Ism2	2.9416173	4.1529474	0.0036733133357336315	0.012753419412980506
357	Ncs1	3.9650645	4.136445	0.00010368573518235521	0.0004492869910037835
882	Chrnb1	2.6908588	4.112617	0.007766087216806946	0.025389674792248757
140	Cited4	5.4714947	4.1045494	1.3462414352831967e-07	7.67006954996909e-07
965	Fam228b	2.5681264	4.103097	0.010998330951667943	0.03488236247109513
893	M1ap	2.6758401	4.0962496	0.008108100134660137	0.026408280562895386
521	Camkk2	3.433051	4.0957904	0.0007330360353309347	0.0028376097926614855
366	Macroh2a2	3.9430022	4.0748377	0.00011291483008713097	0.0004860961211726326
769	Shisa7	2.899285	4.0680223	0.004183039936072922	0.014392037553272915
535	Rcan3	3.389937	4.0600753	0.0008506412564757448	0.003264728435366324
352	Gdf15	3.9879932	4.0537534	9.497933716037499e-05	0.00041353987665874157
550	Atp1a2	3.3562834	4.0524693	0.0009549941834474386	0.003639134023698965
654	Mst1	3.119078	4.046918	0.0020969265867719035	0.007578461402824779
662	Rpl17-ps5	3.1013033	4.038788	0.00222298040539763	0.007997261029372421
610	Fyn	3.2138662	4.0366654	0.001539888209238982	0.005689534079788096
319	Slc4a8	4.164492	4.0165033	4.728456350504488e-05	0.00021353607009082565
493	Sfxn3	3.5023034	4.0094714	0.0005752015026345626	0.0022589568457876325
224	Apcdd1	4.6876144	4.003191	5.242435026200704e-06	2.6179910789964764e-05
318	Fam43a	4.164733	3.9946153	4.730806543893135e-05	0.00021360385533133712
609	Plekhb1	3.218101	3.976153	0.001518111436397435	0.005614847091771957
632	Lepr	3.1590078	3.974421	0.0018369368464867452	0.006706285839844353
867	6330410L21Rik	2.7207384	3.9710755	0.007120903974970682	0.02344799300777753
235	Ffar3	4.6436286	3.9670506	6.329232573007975e-06	3.136923144673262e-05
312	Notch4	4.209195	3.9648519	3.942313603085824e-05	0.00017925697102679107
461	Heg1	3.5778437	3.9644067	0.0004393723465854193	0.0017537245328482446
84	Cbr3	6.0493646	3.9629233	7.456584146886066e-09	4.719751324377758e-08
32	Coro2b	8.444113	3.9555197	7.154988849611257e-15	6.427735340111484e-14
101	Mdfic	5.8612647	3.9537654	1.953799721916016e-08	1.1931507211720191e-07
371	Prrt3	3.92912	3.951123	0.00011929390730935376	0.0005117187831615765
613	Ubxn11	3.2093704	3.9491618	0.0015628286550405292	0.00576920927339147
331	Cabp1	4.1113024	3.9485888	5.8571646398576516e-05	0.0002614107866411983
851	Anxa1	2.7450945	3.932335	0.006631901916415401	0.02195562790280508
255	Xaf1	4.5243516	3.9255185	1.061035797287097e-05	5.137496524535061e-05
290	Sycp1	4.3172197	3.9250154	2.535439983644978e-05	0.00011784267802772686
88	Fxyd6	5.9867606	3.924583	1.0243967209684553e-08	6.41146432426985e-08
895	Cyp4f39	2.6741092	3.9169753	0.00814814238935505	0.026524961001920144
310	Def6	4.2164536	3.9161007	3.824657495512148e-05	0.0001740959729317998
789	Gli3	2.8519826	3.8941715	0.004824472588176495	0.01639929506526913
846	Tlr2	2.7506347	3.887869	0.006523433278042495	0.021642105074634783
962	Rcsd1	2.5783043	3.8816411	0.010687214372662271	0.033972727199538325
976	Misp3	2.5487368	3.8708656	0.011606893694177452	0.0366461408288364
1034	Ttll3	2.4610467	3.8571506	0.014749565642157847	0.04547255474480188
494	Shisa2	3.4969378	3.8538938	0.0005858125546240075	0.0022988344772250056
641	Atp6v0e2	3.1476035	3.8507297	0.0019107731390273692	0.006957670460204755
195	H2-Bl	4.867399	3.8479266	2.3685308796431404e-06	1.2198612970217762e-05
245	Phf19	4.5691667	3.846865	8.78163863484635e-06	4.290857385798856e-05
786	Nnmt	2.8565755	3.8437035	0.004758529088544488	0.01619264619767966
146	Prdm5	5.2975583	3.8358612	3.1944463640910277e-07	1.7726252777927577e-06
561	Six1	3.3269284	3.834381	0.0010538206971456147	0.003996352452284154
492	Tmod2	3.502497	3.8279033	0.0005743888106811743	0.0022564698022605433
464	Myo5c	3.5709918	3.8263125	0.00045071605396727253	0.001795867514888765
13	Zfhx2	11.178308	3.8223739	6.476990254147394e-23	8.45032224340371e-22
252	Nfkb1	4.5451264	3.8156698	9.703507643878778e-06	4.717472579708674e-05
277	Lama3	4.389651	3.8152442	1.874620645259472e-05	8.815518360601376e-05
768	Rassf2	2.9021044	3.8138952	0.004145188880115839	0.014267662984460017
445	Arc	3.6549985	3.8135185	0.00033290880869799846	0.001349120053808515
432	Itpka	3.7037182	3.810879	0.00027824380788457674	0.0011382248729108217
824	Gdpd1	2.7899992	3.8052998	0.005810286521265304	0.019437249192809633
689	Dlgap1	3.05153	3.8031685	0.002603849388060347	0.009268038419027872
29	Zdhhc18	8.638516	3.7954597	2.01962203938009e-15	1.8683917903113934e-14
528	Qpct	3.4131296	3.787406	0.0007843328018831132	0.0030231546580704615
1027	Clca3b	2.467436	3.786694	0.01449813205451897	0.04479621836376
701	Garnl3	3.0209908	3.7849243	0.0028676447297724134	0.010145251129774302
568	Rab3b	3.3154135	3.7842803	0.0010951963740256922	0.0041413965111608934
904	Dtx3l	2.662628	3.7756202	0.00842114907844722	0.027321757244842173
420	Mfap5	3.727379	3.773536	0.0002552563735173589	0.0010499949009739405
353	Ndrg2	3.9874134	3.7734048	9.51713359986115e-05	0.00041424810273560717
361	Mypn	3.955831	3.7658575	0.0001075224274245869	0.000464392022568348
90	Cacna1a	5.9689445	3.763753	1.1439207219350741e-08	7.12584988597198e-08
52	Hmga1b	7.0765634	3.7599015	2.713714905113388e-11	2.0017825432029962e-10
311	Crygc	4.216304	3.7568657	3.8281332214928535e-05	0.00017422265795808076
783	Slc7a2	2.8624642	3.756198	0.004675353355155441	0.01592900423887037
1018	Amotl1	2.4795022	3.7494931	0.014023226019213898	0.04345697022142495
527	Cyfip2	3.41493	3.7156568	0.0007801360418465687	0.0030083614895919956
478	Pls1	3.539945	3.7145543	0.0005031532665881888	0.0019921796423357945
940	Apobec1	2.603769	3.696136	0.009949653037252952	0.03182117895728681
1049	Kctd15	2.4470403	3.6944094	0.015316228695799291	0.04704657670217796
123	Grhl3	5.6247163	3.660903	6.47472566053376e-08	3.7840438955638057e-07
479	Srgap3	3.5295005	3.6445036	0.0005220818919977124	0.002062580165118652
350	Sirpa	3.99808	3.642411	9.112955205493994e-05	0.00039844824480965744
513	Rap1gap	3.4570498	3.640128	0.0006740649204423382	0.002621838411752988
231	Osr2	4.6535215	3.639769	6.029372961206011e-06	2.9955134794820464e-05
490	Eng	3.5072443	3.6370578	0.0005637603516933341	0.002217486768802834
117	Fez1	5.6839337	3.628365	4.8037336750094774e-08	2.8399721741023523e-07
1052	Rpl5-ps2	2.4429646	3.622998	0.015490260372184029	0.047540508711800517
465	Rpl17-ps3	3.5664234	3.611415	0.00045832298205669534	0.0018235773949152347
237	Camk2b	4.6375523	3.609296	6.507250446180045e-06	3.219578633422755e-05
766	B3gnt3	2.908461	3.6068707	0.00406257444324809	0.014004385027471901
694	Mup6	3.0461302	3.6015387	0.0026470257854089314	0.009408405624724636
849	Ece1	2.7458549	3.5876403	0.006613700536997883	0.0219069032535745
901	Map1a	2.6683762	3.5801094	0.008282605295246347	0.02692435430300163
282	Tuba3b	4.369499	3.5760257	2.0297200041594813e-05	9.50755623549862e-05
913	H2-Ab1	2.6420577	3.5749772	0.008921841686206158	0.028819828659924194
614	Tulp2	3.2089689	3.568663	0.0015642955730159362	0.005773777086374594
822	Ttpa	2.804952	3.5662754	0.005556129281203454	0.01865192525549068
949	Zfp422	2.5992885	3.549634	0.010074376518010833	0.03217406570700523
951	Oas1d	2.5969853	3.5415525	0.010139403658039493	0.03237042259351763
1061	Fam83a	2.4287271	3.5397325	0.01607807485460069	0.049140691967512244
860	Lrrc75a	2.7305212	3.5335758	0.00692076689860363	0.022845796662398388
903	Cilp2	2.663359	3.504296	0.008399779655845445	0.02725945780713925
929	Septin3	2.6168058	3.499416	0.009589945244373519	0.030811758118730687
955	Hpgd	2.5859723	3.4979286	0.010455866931120227	0.03330887497282145
700	Mfng	3.0217957	3.4962459	0.002858775951358229	0.010118144122761349
344	Cpsf4l	4.0170975	3.4954734	8.44819402813496e-05	0.00037105966925738917
1011	Ren1	2.494132	3.4784176	0.013482542369805192	0.04191569284020267
924	Fgfrl1	2.621278	3.4751594	0.009469824338538052	0.030460864630637616
271	Adgrg6	4.429064	3.4736958	1.5841498307814984e-05	7.515598801108603e-05
168	Tiam1	5.131081	3.4726357	6.998465732784092e-07	3.762329708109661e-06
859	Ccdc155	2.731458	3.4698658	0.006899895758832787	0.022782879747660793
176	Ubap1l	5.0346355	3.4684124	1.0754630962453595e-06	5.690407808783292e-06
702	2310043M15Rik	3.0184271	3.460472	0.002889597232808324	0.010218603795031716
1056	Lipo3	2.4375381	3.459561	0.01571375589845863	0.04814419194516789
823	Otub2	2.7984436	3.459035	0.005663056432597181	0.018983011927711818
349	Radil	4.0013895	3.4445589	8.988715965158334e-05	0.0003933579704029101
401	Celsr1	3.803886	3.4304197	0.00019155955204360134	0.0008010787983549041
1014	Rbm43	2.4913082	3.4243686	0.013587137734053248	0.04221999537521623
798	Klf12	2.840359	3.4239697	0.004996815814347987	0.01693249427375849
741	Pkp3	2.9597344	3.4170766	0.003470763591153773	0.012115402077696643
841	Gsdmd	2.7627394	3.3984628	0.006291745229657914	0.020912071816439635
981	Myh14	2.539427	3.397527	0.011907416106324339	0.03750552776590063
868	Whrn	2.7188017	3.392074	0.007159587057760168	0.023566115264446384
620	Rtn4rl1	3.1850486	3.3861008	0.0016915190671026833	0.006209642529757866
56	Ppp2r2c	6.915152	3.3778517	6.123240707882828e-11	4.427249116587659e-10
391	Ier5l	3.8417263	3.3718925	0.00016596574411223113	0.0007001010107997756
601	Rims3	3.2458124	3.3701077	0.0013841941886589566	0.005149071372600916
684	Mbp	3.0628946	3.3652549	0.0025086031712479866	0.008951823545122976
19	Plaat3	9.489914	3.3606231	7.141146708905774e-18	7.537910378338895e-17
463	Clec4a1	3.5716455	3.3538647	0.00044907897685281104	0.0017896281026228784
959	Rlbp1	2.581362	3.3532598	0.010596019552175	0.03371265821090437
185	Slc6a1	4.9747624	3.3516533	1.4351462807334994e-06	7.53332002203056e-06
525	Ddx43	3.428178	3.3301063	0.0007449848029477569	0.002879875170331624
711	Tmem229b	3.006647	3.3283603	0.002998438361037902	0.010570808484029066
698	Dusp5	3.0300574	3.3271642	0.0027860532536287032	0.009878824857876571
556	Stac2	3.348818	3.3263087	0.0009773701499146026	0.0037176423334268735
957	Camkv	2.584021	3.3261275	0.010516885510211743	0.033483473214193295
775	St3gal5	2.8756678	3.3239539	0.004490893427164408	0.015358794461848202
498	Cd47	3.4919448	3.3195145	0.0005948078773754876	0.0023312242672955774
36	Hap1	8.084964	3.3176858	6.15977794330781e-14	5.263011358218908e-13
405	E2f2	3.7868946	3.3130786	0.0002041346470069541	0.0008509782749109917
205	Myof	4.8243055	3.3051353	2.8334912205762598e-06	1.4474743737281731e-05
338	Ngfr	4.0742464	3.3030717	6.746649371373623e-05	0.0002991454579367744
958	Abcb1b	2.5826578	3.3023949	0.010554320039373682	0.033588482574697064
579	Wdr35	3.2977097	3.3004572	0.0011615741737914412	0.004371369953254026
524	Cercam	3.4310973	3.289292	0.0007366321553459702	0.0028502146186082963
453	Fut9	3.6097577	3.288976	0.0003914531525146982	0.0015719368771319794
873	Alox12	2.7113705	3.2857528	0.007314188254435209	0.024024287103804935
887	Plekha6	2.6839027	3.2711322	0.007915751834752233	0.025835321350896282
77	Pdxp	6.2776337	3.2676508	2.153153262124852e-09	1.410427530090847e-08
348	Acsl1	4.004374	3.2595184	8.871592831633557e-05	0.0003884352412304795
1031	Rgmb	2.4650419	3.2457254	0.014586777732690279	0.04502034442798666
303	Sall3	4.273824	3.2376146	3.0031624746683607e-05	0.00013827850794034038
790	Homer3	2.8509598	3.2204711	0.004842143863112703	0.016450470925545236
428	Cdk18	3.7135918	3.214847	0.0002680949543823982	0.0010992111625973667
226	Lrrc34	4.6778827	3.2137198	5.426230860713092e-06	2.706551875280133e-05
726	Abca2	2.9834566	3.2047553	0.003220078756522875	0.011289207614361068
196	Igdcc3	4.8659782	3.1940956	2.358534124318865e-06	1.2152103105923134e-05
970	Mael	2.556302	3.1903176	0.011351366373958833	0.03591600877617113
238	Ninl	4.6346025	3.1895564	6.549452075908799e-06	3.239184379028901e-05
419	Samd10	3.7284214	3.1769295	0.00025367126201586416	0.0010438159536638389
16	Rbmxl2	9.931272	3.157726	2.9066594154039335e-19	3.256753271049913e-18
611	AC159819.1	3.2115388	3.1493824	0.0015495820378675033	0.005723669101397823
264	Slc39a11	4.4686766	3.138079	1.3332618548260487e-05	6.391627348255084e-05
441	Farp1	3.6662903	3.1315928	0.00031802294238123435	0.001292334263757281
214	Gpx7	4.7356796	3.1277075	4.199345785603045e-06	2.11514505188344e-05
122	Zfp74	5.625028	3.1273355	6.336870741421805e-08	3.706922014644746e-07
549	Tdgf1-ps1	3.3579829	3.1155102	0.0009484712619913801	0.003614825170322905
845	Man2a2	2.7564995	3.1147923	0.006410664957223826	0.021282020104791886
1029	Arhgdig	2.4659305	3.0950346	0.014550226757632765	0.044935101763228305
143	Mthfs	5.431409	3.0923893	1.6762173950570786e-07	9.479220403611906e-07
1	Zfp42-ps1	15.501633	3.0923867	7.860719104787966e-39	1.7575869187718801e-37
46	Dclk2	7.3495502	3.0865967	4.874083418662226e-12	3.782866223789869e-11
302	Rpl27-ps3	4.27818	3.0857491	2.9478766222523114e-05	0.000135931968022245
223	Zfp516	4.68942	3.0807133	5.176973595351068e-06	2.5878695114757704e-05
306	Oas1g	4.2561507	3.0751133	3.254518756013184e-05	0.0001491422204203965
712	Jade2	3.0061276	3.0749044	0.003001751959608349	0.010578042699914319
576	Sytl3	3.3017182	3.072402	0.0011469668431442477	0.004322865443879294
902	2900026A02Rik	2.6662433	3.0661476	0.008328791732882958	0.027046530757673368
212	Cd37	4.7623415	3.0657227	3.7231658068510183e-06	1.8838788549146e-05
872	Nuak2	2.7129583	3.0619028	0.007277178300924659	0.02391351239642559
788	Abca1	2.8548872	3.049308	0.004776490672284031	0.01624717327527147
915	Ralgps1	2.6381838	3.0464065	0.009024796112487726	0.02913369114649849
803	Grhl1	2.8344483	3.0442383	0.005082784414407838	0.017196013336921955
539	Mef2b	3.3790102	3.0428643	0.0008820666572434142	0.0033781219086937942
120	Itpr3	5.628874	3.035307	6.175257787357233e-08	3.615745679310611e-07
713	Rec114	3.0059385	3.0229952	0.003001351198761153	0.010578042699914319
286	Ssh2	4.346209	3.015784	2.2321806518508224e-05	0.00010420985916231549
258	Fcgr3	4.520815	3.0071986	1.068916255441291e-05	5.1726663119219385e-05
307	Smad3	4.2359476	2.9927115	3.5076689273463075e-05	0.0001603050585001254
403	Gna15	3.7908816	2.9926343	0.0002009492733276725	0.0008381160705163778
324	Ank2	4.1474047	2.9900353	5.006147653844471e-05	0.00022534831439657092
937	Sema4a	2.606213	2.9808924	0.009877339755702609	0.0316260952412097
715	Smox	3.0012698	2.9760501	0.0030461233731992926	0.010720888111019308
710	Fcgrt	3.0072289	2.9693542	0.0029899732390446286	0.010546877977132042
864	Pbx1	2.725484	2.966592	0.00701118345183081	0.023116962714294424
63	Dynlt1-ps1	6.7390475	2.9664218	1.7723795993346956e-10	1.2442767636523844e-09
982	Mxra7	2.5384731	2.966188	0.011938063736415466	0.03758794032116593
625	Acy3	3.1729903	2.9631886	0.0017575115412405522	0.006431087325945339
650	Eid2	3.1279087	2.9611604	0.002034981032024276	0.007370469817068199
727	Sgsm2	2.983301	2.9589868	0.003221746942669768	0.011293174832206708
276	Capn5	4.3950005	2.9586673	1.8235679401034225e-05	8.585069804484651e-05
905	Tbc1d9	2.6586692	2.957389	0.008512346025816077	0.027591239820164013
522	Abcb1a	3.4325612	2.9511545	0.0007322565303024965	0.002835465018969981
256	Tex14	4.522938	2.9432662	1.0574346974390904e-05	5.1210458951449516e-05
128	Gfpt2	5.585271	2.9394393	7.48704223236302e-08	4.355436177448182e-07
270	Tnfrsf22	4.4338164	2.9298353	1.5520226137130282e-05	7.375699381322032e-05
340	Nceh1	4.062839	2.9294024	7.009831684188216e-05	0.0003102680031393109
346	Osbpl10	4.0086336	2.9291718	8.717753141961579e-05	0.0003822317631739612
558	Bahcc1	3.3295662	2.9242637	0.0010437901064977591	0.003961897742393939
538	Bicd1	3.3817835	2.9235356	0.000872486852871179	0.00334346957603925
764	Vstm5	2.9111006	2.9118168	0.00402510522077667	0.013886640614924749
22	Ddc	9.107237	2.9063487	7.764279169754517e-17	7.765514045169188e-16
482	Bmerb1	3.5239582	2.903257	0.000531530471084442	0.0020972733285738124
398	Atp1b2	3.8153865	2.9031694	0.00018302499546009465	0.0007671739269793736
138	Apela	5.49395	2.8960335	1.2067710178899508e-07	6.895756061790964e-07
746	Fcho1	2.9453535	2.8889444	0.0036269485824595715	0.012608655321549953
1043	Ank3	2.4527385	2.888762	0.015074582397136186	0.04637794100019125
222	Trp53i11	4.7001333	2.8869765	4.85790353337829e-06	2.4351475782901058e-05
500	Fam161a	3.491422	2.8768978	0.0005953565723525247	0.002333011251122512
142	H2-Eb1	5.4514623	2.875352	1.4763034053202843e-07	8.382604031021768e-07
429	Notum	3.7095006	2.8746316	0.000271882778093029	0.0011134710843621054
731	Rasa4	2.979377	2.8711958	0.0032640580905075895	0.0114367066734403
517	Msc	3.4464881	2.8681507	0.0006961329218004703	0.002704328573740391
216	Ppp1r14a	4.721191	2.862567	4.474090389178961e-06	2.2494757075636135e-05
886	Dpysl3	2.6845713	2.8558085	0.007892505329693045	0.025769480667588118
1038	Gsdme	2.454623	2.843797	0.014994310106075765	0.0461648563535165
378	Tesc	3.903626	2.8384821	0.0001312309032570211	0.0005602481569122724
317	Mok	4.1828084	2.8343484	4.355767453267433e-05	0.0001974143685035838
149	Sh3bp1	5.2631884	2.8294418	3.6705535290885707e-07	2.024761041023989e-06
58	Nodal	6.8154917	2.8287654	1.0172525623679248e-10	7.256940145718316e-10
410	Ets2	3.7645242	2.8194525	0.0002210057387059925	0.0009173561635990984
501	Zbtb7b	3.4875793	2.8174102	0.0006041670608659298	0.002365693998913698
676	Prkag2	3.0767596	2.8017533	0.0024005867351643995	0.008596862006880026
673	Mthfsl	3.0812972	2.788333	0.0023670278745119996	0.008487557969419078
411	Crygd	3.7639096	2.7812307	0.0002208859186394934	0.0009170456648622717
489	Dhdh	3.5111914	2.7652004	0.0005555842199707846	0.002187036849631473
451	Sptbn2	3.6175468	2.763537	0.0003793928187183495	0.0015254550770526477
649	4930452B06Rik	3.1319685	2.7622674	0.002007262241308507	0.007278459624891767
71	Tfap2c	6.38816	2.7574348	1.0421819171472361e-09	6.957283424607637e-09
877	Unc13b	2.704249	2.757382	0.0074612740329845235	0.024469476796048592
272	Foxd3	4.4239545	2.7559538	1.598148966009609e-05	7.579155183070456e-05
759	Syce1	2.926014	2.7551842	0.0038465556744498274	0.013308976813632868
115	Mex3a	5.6942906	2.7544668	4.443541790468587e-08	2.63428824410669e-07
325	Sestd1	4.1469383	2.7340283	5.026899554032334e-05	0.00022616102912203422
225	Vwa3b	4.683585	2.7301514	5.278184027064029e-06	2.634797400610609e-05
760	Tnfsf13	2.91975	2.7089448	0.003924866587213214	0.013570597131925934
637	Nkain1	3.152042	2.7052262	0.0018792387058617595	0.00685177133022854
730	Perp	2.9805722	2.700554	0.003245799955560552	0.011374317648672349
406	Smtnl1	3.7796917	2.6895852	0.00020940538642695512	0.0008716503541591311
555	Cdc25b	3.3517547	2.6836193	0.0009649060427857509	0.0036746777593085205
390	Galnt6	3.846222	2.680787	0.00016204475420249456	0.0006841345665004277
291	Nnt	4.316083	2.672083	2.5233949402365976e-05	0.00011741301577268105
188	Sh3gl2	4.948855	2.6703365	1.5945425188177635e-06	8.336961654197054e-06
132	Cenpb	5.53241	2.6670554	9.631319685853321e-08	5.556564572888863e-07
328	Tcf7	4.1215725	2.665972	5.574386789347978e-05	0.0002495428462346664
144	Dazl	5.382833	2.665726	1.964319991380118e-07	1.1071141622938716e-06
728	Lmo2	2.9829412	2.66416	0.0032201663605406963	0.011289207614361068
1020	Parp9	2.476929	2.662987	0.014120588850292956	0.0437263685756825
925	Ankrd35	2.6195023	2.6608121	0.009509838948175104	0.030573937743148843
396	Fuom	3.8272948	2.6414263	0.00017463024063868958	0.0007341883792454617
716	Wasf3	3.0012212	2.6381798	0.0030441418946629733	0.010715413548607952
812	Rab15	2.8219543	2.6362135	0.0052701760228970945	0.01777739140136161
265	D1Pas1	4.4639807	2.6345482	1.3512696073783437e-05	6.476721742377069e-05
660	S100a6	3.1045043	2.624366	0.0021952644227059143	0.007907730386473516
236	Adap1	4.6393585	2.6184425	6.317010555685436e-06	3.131613786316742e-05
1035	Susd4	2.4601872	2.6056507	0.014772548120725235	0.04552666937377145
191	Nol4l	4.9077563	2.6036677	1.9309847468181573e-06	1.0018974901292064e-05
49	Cenpv	7.1501026	2.5945606	1.568145296033969e-11	1.1785218636521797e-10
365	Sbk1	3.9432209	2.571406	0.0001120130532918407	0.0004824617024833837
499	2410024N13Rik	3.4918764	2.5658178	0.0005946902164956449	0.0023311263371873854
472	Rps12-ps9	3.55358	2.56524	0.0004750134567596919	0.0018870007093072158
994	Nes	2.5162342	2.563382	0.012684290068030518	0.039698971304123386
636	Cox7c-ps1	3.15433	2.5632892	0.0018685813505834182	0.006815878087670433
985	Tarsl2	2.5301797	2.5481355	0.01220155660353949	0.03832641793274629
87	Tns1	6.0289936	2.5437472	7.4821224345698e-09	4.734724722494811e-08
126	Pxmp2	5.6082	2.5434315	6.84909967209413e-08	3.9963408293169974e-07
154	Myo1e	5.24604	2.5415895	3.8907885543737877e-07	2.1406145078022364e-06
502	Plekha3	3.4856088	2.540635	0.0006073334474592293	0.002376982345945146
743	Cdr2l	2.9518223	2.5389602	0.0035508780878792867	0.012369309987884722
69	Kank2	6.4411926	2.5363603	8.398943776751974e-10	5.638298152132884e-09
387	Rps13-ps1	3.8614402	2.529607	0.0001535686160424857	0.0006500950804329662
474	Nhsl1	3.5483868	2.526209	0.0004865756278266349	0.0019307971828918084
28	Sfrp1	8.66137	2.5084188	1.1533773249428761e-15	1.0801211180794157e-14
230	Fam178b	4.662009	2.504116	5.742655099896957e-06	2.8581469406966374e-05
515	Frmd6	3.4535193	2.5020962	0.0006794745272516742	0.0026416541357787656
457	Dop1b	3.5849254	2.4828696	0.00042571444224496623	0.001702993174336813
329	Siah1a	4.1206613	2.4706821	5.585509363407758e-05	0.0002499962678419195
591	Tspan17	3.2652633	2.4705884	0.0012929320767191333	0.004835327603002242
992	Tert	2.5189104	2.4499984	0.012578211625326003	0.039406194448057076
567	Amph	3.3164754	2.4498928	0.0010864353510519793	0.0041125951573154984
409	Nefh	3.7674935	2.4482107	0.0002171350024922079	0.0009023317119922348
288	Ak7	4.3350515	2.4370816	2.295785119218642e-05	0.00010710021291512175
664	Ankrd9	3.1000748	2.433767	0.002223513139559795	0.007998033678319331
804	Serpina3m	2.8341348	2.4253736	0.005077422946233779	0.017182496541041904
476	Lrp1	3.543581	2.42062	0.0004940686034635964	0.0019583881958083094
863	Fetub	2.726707	2.420303	0.006982135529157481	0.02303326388202325
755	Il6ra	2.9352882	2.4042141	0.003734414101041521	0.012947684672308536
70	Tnk2	6.4403915	2.403087	8.168940898674101e-10	5.485358765756763e-09
1064	St6galnac4	2.4245808	2.3983269	0.01622782284467608	0.04955021313850231
377	Nqo1	3.9063957	2.394148	0.00012850877779496263	0.0005492794896609159
972	Creld1	2.5547144	2.393042	0.011395558317617174	0.036033170826064415
33	Irf2bpl	8.216249	2.3827965	2.1293555307903923e-14	1.865615082601934e-13
354	Nfib	3.9843497	2.3737943	9.556914278077346e-05	0.00041583570619401064
485	Itpr1	3.5208268	2.3714573	0.0005351780455524425	0.002110672398530282
330	Dipk2a	4.1174197	2.3523	5.606157064947202e-05	0.00025083115405848794
871	Stard5	2.7135642	2.3399968	0.007252928326818224	0.0238421535719793
127	Lpl	5.6031704	2.3395545	6.519940862287671e-08	3.8086993137478885e-07
825	Acot2	2.789901	2.3320649	0.0058003936086660525	0.019407169570681813
817	Tmem106c	2.812978	2.328475	0.005416144528008968	0.01822585733837915
590	Zfp59	3.266559	2.325311	0.0012865176024063733	0.004812769745825389
906	Cbx2	2.6575577	2.3206565	0.008533480822192917	0.02764698307591971
670	Hbegf	3.083552	2.3203726	0.002343671766982183	0.008413403685838424
892	Sox21	2.6769574	2.3147404	0.008058865088529606	0.026258120781978457
756	Slc30a1	2.9335167	2.3131766	0.0037524749851982095	0.01300851099471827
454	Plekhb2	3.5975475	2.3121731	0.0004046903530789009	0.0016222440065891113
339	Elavl2	4.0736237	2.308227	6.698538390914533e-05	0.0002971169717599439
921	Hook1	2.6247532	2.3079615	0.009361271423278226	0.030134812052871832
17	Tle5	9.882433	2.3058958	2.537191473434548e-19	2.847858738187087e-18
21	Mapt	9.263104	2.3025136	1.420474350790347e-17	1.4789160521432281e-16
85	Mymx	6.031011	2.2931247	7.152885422381362e-09	4.532082617495737e-08
1040	Ttll6	2.453325	2.292957	0.015027059240382305	0.04624870281813
7	Klf2	12.49984	2.2895386	1.1439174065276772e-28	1.8362538892021182e-27
100	Cox7a1	5.8701363	2.2867997	1.7775966306693143e-08	1.0895142701719282e-07
993	Ano9	2.5167506	2.281288	0.012647102253221378	0.03959816157219721
18	Pim1	9.854767	2.2673228	3.2839071911701982e-19	3.668001842215593e-18
292	Igsf8	4.309729	2.2657142	2.5827888253698654e-05	0.00011993256435915377
97	Adgre5	5.9008055	2.2650783	1.3964605227351762e-08	8.651864036670104e-08
395	Chn1	3.828035	2.2630126	0.00017381517667201173	0.0007310060113706375
65	Sik1	6.668213	2.2619689	2.247024723763249e-10	1.566564853146917e-09
239	Lrp11	4.633051	2.257147	6.484147659891464e-06	3.209410669754228e-05
922	Amhr2	2.624315	2.2546425	0.009375047741189321	0.030175297617642507
685	Mmp11	3.0619066	2.252177	0.0025073605160920573	0.008949928540056707
473	Dsp	3.5509765	2.2514384	0.00047717072622395176	0.0018946728409530043
961	Syk	2.5783854	2.2498257	0.010668143830228103	0.03391639154519182
450	Tpd52l1	3.62808	2.2374582	0.00036442094599056156	0.0014682130776647656
48	Gstp-ps	7.2877026	2.225659	6.331427672102466e-12	4.891300112532722e-11
668	Hunk	3.0904093	2.2240896	0.002282526994327309	0.008202097716472732
102	Tubb2a	5.8570485	2.200787	1.7952685878323884e-08	1.0992742467949341e-07
714	Serpinb1a	3.0050046	2.2007377	0.002996373744251992	0.01056649168132828
754	Ptp4a3	2.9356625	2.1991396	0.0037324052343666154	0.012942503620796504
413	Ankrd26	3.7488322	2.192796	0.00023280787534238207	0.0009638000816922776
35	Plekha7	8.085043	2.1918383	3.936488241035084e-14	3.4085516425127884e-13
278	Rpl28-ps1	4.3889174	2.1803331	1.8051811719203196e-05	8.503282246907064e-05
322	Syt9	4.157497	2.1752071	4.7401923965380235e-05	0.00021395083355915564
948	Poli	2.599787	2.1672788	0.010046508974357554	0.03209829629632794
152	Rps18-ps3	5.2575426	2.1602345	3.453316898602372e-07	1.9120566424707038e-06
423	Fmnl2	3.7210739	2.1552982	0.00025820879206799144	0.0010612718881827217
1037	Ddhd1	2.457075	2.1416187	0.014881284289552408	0.04583369964728802
891	Ptch2	2.678235	2.1389203	0.008032625330042469	0.026176014710699348
889	Erc2	2.6820385	2.1305118	0.007952309207614984	0.02594117310444136
974	Tcfl5	2.5514007	2.1255646	0.011502178680569998	0.03633376899799796
1009	Tpmt	2.4946826	2.1215186	0.013448059345573672	0.041823996634342255
480	Atp8a1	3.5256994	2.1189961	0.0005251119874330027	0.002073899659583883
192	Pcolce2	4.898791	2.1172154	1.9738160408217975e-06	1.0226440513044592e-05
74	Gpx4-ps2	6.360243	2.1118953	1.2790042271806838e-09	8.48643427341148e-09
508	Slc13a5	3.471088	2.1039436	0.0006328900352481784	0.002470087811735094
92	Ildr1	5.9428926	2.1030743	1.0632520183348432e-08	6.646382025147774e-08
807	Zfp970	2.8301394	2.1020014	0.005135943359039451	0.017350190606134616
933	Fam53b	2.611222	2.0981386	0.009716705141665501	0.03115538574040204
82	Rfx2	6.1093006	2.0965612	4.647491797489667e-09	2.9784206031606393e-08
380	Igsf9b	3.8951626	2.0954404	0.0001336976333749536	0.0005699291337240845
134	Pramef12	5.522128	2.085626	9.924281785289518e-08	5.71509578816787e-07
37	Schip1	7.8446484	2.0800683	1.92177069584413e-13	1.6006695391809023e-12
362	Brpf3	3.9538424	2.0731976	0.00010615904671623603	0.0004592131833362341
833	Tigd2	2.7786248	2.0681238	0.00599300887594527	0.019995774673766724
578	4930447C04Rik	3.2987764	2.067044	0.0011517616355283364	0.004338336654698977
574	Sox13	3.305344	2.0581577	0.0011268204626245274	0.0042526694548923275
321	Zfp229	4.1581507	2.0508885	4.7384501227021455e-05	0.0002139105785830039
209	Plcg2	4.7855687	2.0477004	3.18221825084206e-06	1.619043646474134e-05
174	Mras	5.0674577	2.0350063	8.59952361680229e-07	4.5877500966499425e-06
1048	Myl7	2.4476864	2.031427	0.015269518345904617	0.046908825656190124
43	Cobl	7.5408325	2.0260656	9.427062427475078e-13	7.578406145756092e-12
240	Rps4x-ps	4.6041765	2.0190327	7.2737930452738074e-06	3.5882524075469185e-05
5	Jam2	13.530914	2.0147874	1.6086545694369702e-34	3.11023036430573e-33
776	Dusp16	2.87397	2.0123975	0.004494555271778898	0.015369228290691463
26	Rpp25	8.762683	2.006766	4.089648202529124e-16	3.921883754724269e-15
570	Zfp758	3.3093174	2.0059721	0.0011084026421067806	0.004189445538625688
953	Nutf2-ps1	2.59325	2.0002506	0.01021357716609785	0.0325782805016517
